     0/499     1.92G      5.62       2.7      10.3      18.7        23       416    0.0315    0.0863    0.0263    0.0429       4.4      1.18      7.94
     1/499     3.83G      4.31      2.17      7.47        14        23       416    0.0613     0.136    0.0577    0.0731      3.77      1.14      6.59
     2/499     3.83G      4.05      2.03      6.61      12.7        26       416    0.0819     0.178    0.0763    0.0984      3.99      1.11      6.08
     3/499     3.83G      3.71      1.44      6.01      11.2        30       416     0.109     0.145     0.073     0.113      3.58      1.03      5.69
     4/499     3.83G      3.65      1.42      5.69      10.8        31       416     0.123     0.166    0.0929     0.133      3.61      1.02      5.41
     5/499     3.83G      3.62      1.41      5.37      10.4        31       416     0.166     0.186      0.11     0.157      3.48      1.01      5.22
     6/499     3.83G      3.56      1.42       5.1      10.1        30       416     0.171     0.185     0.112     0.155      3.57         1      5.25
     7/499     3.83G      3.55       1.4      4.93      9.88        26       416     0.176     0.202     0.118     0.165      3.45         1       5.3
     8/499     3.83G      3.51      1.36      4.63       9.5        34       416     0.173     0.197     0.117     0.166      3.43      0.99      5.15
     9/499     3.83G      3.51      1.37       4.6      9.48        21       416     0.152     0.208     0.125     0.169      3.44     0.995      5.21
    10/499     3.83G      3.46      1.34      4.43      9.23        28       416     0.175     0.215     0.141     0.182      3.47     0.982      5.02
    11/499     3.83G      3.42      1.35      4.18      8.96        28       416     0.179     0.223     0.141     0.179      3.36     0.981      5.24
    12/499     3.83G       3.4      1.36      4.14       8.9        30       416      0.19     0.215     0.143      0.18       3.4      0.98      5.18
    13/499     3.83G      3.38      1.34      3.97       8.7        35       416     0.215     0.237     0.149     0.199      3.37     0.973      5.08
    14/499     3.83G      3.39      1.34      3.87       8.6        19       416     0.168     0.213      0.13     0.176      3.59     0.972      5.25
    15/499     3.83G      3.36      1.32      3.72       8.4        31       416     0.192     0.227     0.148     0.192      3.37      0.97      5.51
    16/499     3.83G      3.33      1.35      3.64      8.32        25       416     0.184     0.229     0.143     0.183      3.48     0.959      5.05
    17/499     3.83G      3.32      1.31      3.59      8.23        26       416     0.173     0.228     0.146     0.182      3.32     0.957      5.24
    18/499     3.83G      3.29      1.34      3.47       8.1        26       416     0.189     0.256     0.157     0.204      3.42     0.965      5.44
    19/499     3.83G       3.3      1.31      3.27      7.88        24       416     0.204     0.243     0.159     0.204      3.37     0.961      5.51
    20/499     3.83G      3.29      1.31      3.36      7.96        38       416      0.18      0.25     0.152     0.198      3.38      0.97      5.48
    21/499     3.83G      3.28      1.31      3.21      7.79        23       416     0.168     0.233     0.142      0.19      3.33     0.968      5.51
    22/499     3.83G      3.26      1.32      2.98      7.55        30       416      0.17     0.233     0.153     0.189      3.26     0.964      5.45
    23/499     3.83G      3.24      1.32      3.13      7.69        35       416     0.195     0.253      0.16     0.204      3.25     0.965      5.48
    24/499     3.83G      3.22       1.3      2.97      7.49        33       416     0.182     0.249     0.158       0.2      3.33     0.962      5.56
    25/499     3.83G      3.23       1.3         3      7.53        31       416     0.195     0.248     0.156     0.208       3.3     0.961      5.51
    26/499     3.83G      3.22       1.3      2.82      7.34        29       416     0.205     0.234      0.15     0.197      3.24     0.976      5.57
    27/499     3.83G      3.21      1.31      2.75      7.27        30       416     0.171     0.233     0.154     0.188      3.39      0.96      5.58
    28/499     3.83G      3.18       1.3      2.72      7.19        33       416     0.162     0.226     0.157     0.183       3.3     0.956      5.52
    29/499     3.83G       3.2       1.3      2.76      7.25        25       416     0.226     0.255     0.182     0.219      3.42     0.943      5.59
    30/499     3.83G      3.16       1.3      2.68      7.14        32       416     0.176     0.226     0.149     0.193      3.34     0.953      5.58
    31/499     3.83G      3.15      1.27      2.64      7.07        28       416      0.22     0.258     0.168     0.216      3.32     0.954      5.77
    32/499     3.83G      3.17      1.27      2.56         7        20       416     0.206     0.238     0.163     0.207      3.31      0.95      5.77
    33/499     3.83G      3.14      1.27      2.53      6.93        24       416      0.19     0.243     0.162     0.202      3.26     0.956      5.87
    34/499     3.83G      3.13      1.26      2.46      6.84        26       416     0.175     0.247     0.161       0.2       3.2     0.953      5.56
    35/499     1.95G       3.1      1.28      2.42      6.79        23       416     0.211     0.259     0.164     0.215      3.29     0.962      5.75
    36/499     3.86G      3.09      1.24      2.43      6.77        23       416     0.167     0.228     0.155     0.186      3.22      0.96       5.5
    37/499     3.86G      3.08      1.24      2.24      6.56        26       416     0.207     0.262     0.176     0.222      3.25     0.958      5.88
    38/499     3.86G      3.08      1.26      2.18      6.51        30       416     0.232     0.256     0.173     0.221      3.23      0.96      5.91
    39/499     3.86G      3.06      1.25      2.15      6.46        31       416     0.216     0.264     0.177      0.23      3.23     0.958      5.82
    40/499     3.86G      3.05      1.25      2.06      6.36        31       416     0.222      0.25     0.172      0.22      3.23     0.958      6.31
    41/499     3.86G      3.04      1.26       2.1       6.4        30       416     0.234     0.279     0.179     0.241      3.28     0.959      6.11
    42/499     3.86G      3.03      1.25      1.99      6.27        26       416     0.214     0.255      0.18     0.221      3.29     0.953      6.06
    43/499     3.86G      3.03      1.22      1.91      6.17        34       416     0.236     0.247      0.17      0.22      3.23     0.954      6.01
    44/499     3.86G      3.04      1.24      1.94      6.22        21       416     0.214     0.266     0.184     0.229      3.24     0.961      6.11
    45/499     3.86G      3.02      1.21      1.92      6.15        28       416     0.187     0.233     0.164     0.202      3.25     0.954      6.28
    46/499     3.86G      2.96      1.23       1.8      5.98        28       416     0.287      0.29     0.201     0.257      3.18      0.97      6.29
    47/499     3.86G      2.99      1.24      1.79      6.01        30       416      0.27      0.26     0.184     0.238      3.22     0.963      5.88
    48/499     3.86G      2.98      1.21      1.75      5.95        35       416     0.274     0.272     0.201     0.257      3.22     0.965      6.02
    49/499     3.86G      2.96      1.22      1.75      5.92        19       416     0.256      0.25     0.186     0.232      3.24      0.96      6.26
    50/499     3.86G      2.95       1.2      1.71      5.87        31       416     0.282     0.255     0.185     0.233      3.16     0.956      6.29
    51/499     3.86G      2.95      1.23      1.73      5.91        25       416     0.243     0.229     0.173     0.209      3.19     0.957      6.17
    52/499     3.86G      2.92       1.2      1.71      5.83        26       416     0.222     0.246     0.182     0.216      3.25     0.952      6.17
    53/499     3.86G      2.93      1.22      1.68      5.83        26       416     0.246      0.26     0.187      0.23      3.15     0.956      6.16
    54/499     3.86G      2.94       1.2      1.55      5.68        24       416     0.216     0.238      0.17      0.21      3.19     0.953      6.28
    55/499     3.86G      2.94       1.2      1.64      5.77        38       416     0.187     0.236     0.169     0.203      3.19     0.964      6.16
    56/499     3.86G      2.93       1.2       1.5      5.64        23       416     0.192     0.231     0.161     0.202      3.22     0.953      6.39
    57/499     3.86G      2.92       1.2      1.46      5.59        30       416     0.227     0.246     0.177     0.221      3.15     0.954      6.26
    58/499     3.86G      2.88      1.21      1.59      5.68        35       416     0.194     0.232     0.163     0.198      3.12      0.96      6.12
    59/499     1.95G      2.87       1.2      1.42      5.49        23       416     0.246     0.275      0.19     0.238      3.26     0.951      6.21
    60/499     3.86G      2.85      1.18       1.4      5.43        23       416     0.215     0.233     0.169     0.209      3.23     0.956      6.32
    61/499     3.86G      2.88      1.17      1.26      5.31        26       416     0.192     0.246     0.167     0.211       3.2     0.955      6.49
    62/499     3.86G      2.84      1.19      1.27       5.3        30       416     0.205     0.245      0.17     0.214      3.22     0.971      6.46
    63/499     3.86G      2.82      1.18      1.22      5.22        31       416     0.248     0.264     0.193     0.238      3.23      0.96      6.35
    64/499     3.86G      2.83      1.17       1.2       5.2        31       416     0.218     0.273     0.175     0.235      3.21     0.955      6.96
    65/499     3.86G      2.83      1.19      1.22      5.24        30       416     0.226     0.258     0.175      0.22      3.19     0.961      6.79
    66/499     3.86G      2.81      1.18      1.12      5.12        26       416     0.205      0.24     0.164     0.213      3.15     0.957      6.82
    67/499     3.86G      2.82      1.15       1.1      5.07        34       416     0.211     0.242      0.17     0.214      3.14     0.969      6.74
    68/499     3.86G      2.82      1.17      1.15      5.14        21       416     0.252      0.26     0.185     0.239      3.15     0.966      6.89
    69/499     3.86G       2.8      1.15       1.1      5.05        28       416     0.206     0.231     0.169     0.209      3.28     0.955       6.8
    70/499     3.86G      2.76      1.16      1.04      4.96        28       416     0.276      0.28     0.204     0.256      3.17     0.962      6.83
    71/499     3.86G      2.77      1.16      1.07         5        30       416       0.3     0.274     0.197     0.255       3.2     0.964      6.91
    72/499     3.86G      2.77      1.15      1.05      4.96        35       416     0.286     0.265     0.192     0.251      3.17     0.972      6.92
    73/499     3.86G      2.76      1.15      1.09         5        19       416     0.243      0.26     0.187     0.236      3.25     0.976      6.65
    74/499     3.86G      2.77      1.14      1.04      4.94        31       416     0.246     0.271     0.191     0.239      3.15     0.968       6.8
    75/499     1.95G      2.73      1.16     0.914       4.8        23       416     0.226     0.254     0.179     0.228      3.18     0.976      6.94
    76/499     3.86G      2.72      1.12     0.903      4.75        23       416     0.224     0.251     0.165     0.224      3.14     0.977       6.7
    77/499     3.86G       2.7      1.11       0.8      4.61        26       416      0.22     0.266     0.188     0.232      3.22     0.961      6.82
    78/499     3.86G      2.68      1.13     0.798       4.6        30       416     0.206     0.251     0.171     0.215      3.22      0.98      7.17
    79/499     3.86G      2.68      1.12     0.769      4.57        31       416     0.251     0.264     0.179     0.236      3.23     0.968      6.71
    80/499     3.86G      2.68      1.12     0.774      4.57        31       416     0.259     0.286     0.192     0.254      3.21     0.958      6.86
    81/499     3.86G      2.67      1.13     0.776      4.57        30       416     0.235      0.27     0.191     0.237      3.16     0.973      6.79
    82/499     3.86G      2.66      1.13     0.738      4.52        26       416     0.203     0.269     0.174     0.224      3.24      0.97       6.9
    83/499     3.86G      2.67       1.1     0.751      4.51        34       416     0.222      0.25     0.174     0.228      3.16     0.971      6.88
    84/499     3.86G      2.67      1.11     0.793      4.58        21       416     0.204     0.245     0.168     0.212       3.2      0.96       7.3
    85/499     3.86G      2.65      1.09     0.726      4.47        28       416     0.237     0.242     0.182     0.225      3.18     0.973      7.26
    86/499     3.86G      2.61      1.11     0.674      4.39        28       416     0.277     0.268      0.18     0.244      3.18     0.979      7.15
    87/499     3.86G      2.62      1.11     0.714      4.44        30       416     0.253     0.256      0.18     0.243       3.2     0.981      7.12
    88/499     3.86G      2.61      1.09     0.736      4.43        35       416     0.227     0.246     0.182     0.226      3.18     0.986      7.12
    89/499     3.86G       2.6      1.09     0.723      4.41        19       416     0.224     0.246     0.171     0.223      3.26      0.98      7.08
    90/499     3.86G      2.62      1.08      0.69      4.39        31       416     0.224     0.256     0.194      0.23      3.16     0.993      6.98
    91/499     3.86G       2.7      1.15      1.07      4.91        25       416     0.261     0.259     0.174     0.234      3.17     0.984      7.33
    92/499     3.86G      2.69      1.12      1.12      4.93        26       416     0.292     0.251     0.181     0.237      3.17     0.981      7.11
    93/499     3.86G      2.68      1.15      1.14      4.97        26       416     0.253      0.26     0.189     0.236      3.15      0.98      6.69
    94/499     3.86G       2.7      1.13      1.09      4.91        24       416     0.261     0.257     0.189     0.232      3.15     0.979      6.88
    95/499     3.86G      2.71      1.13       1.1      4.94        38       416     0.251     0.254     0.184     0.224      3.13     0.985      7.02
    96/499     3.86G       2.7      1.14      1.04      4.88        23       416     0.202     0.255     0.175     0.217      3.17     0.979      7.12
    97/499     3.86G       2.7      1.14      1.01      4.85        30       416     0.205     0.261     0.176     0.225      3.14     0.977      6.86
    98/499     3.86G      2.69      1.14      1.11      4.94        35       416     0.241     0.251     0.175     0.226      3.11     0.988      6.92
    99/499     3.86G      2.75      1.16      1.61      5.52        33       416     0.245     0.234     0.165     0.214      3.15     0.981      7.21
   100/499     3.86G      2.77      1.17      1.65      5.59        31       416     0.238     0.258     0.178     0.226      3.13     0.979      6.96
   101/499     3.86G      2.77      1.17      1.52      5.46        29       416     0.208     0.253     0.172     0.217      3.12     0.978      6.89
   102/499     3.86G      2.74      1.17      1.48      5.39        30       416     0.196     0.243     0.166     0.209      3.19     0.974      6.72
   103/499     3.86G      2.73      1.16      1.41       5.3        33       416     0.206     0.256     0.178      0.22      3.18     0.969      6.74
   104/499     3.86G      2.75      1.17      1.55      5.47        25       416     0.276     0.258     0.184     0.237       3.2     0.968      6.93
   105/499     3.86G      2.72      1.17      1.45      5.35        32       416     0.233      0.25     0.171      0.23      3.13     0.968      6.99
   106/499     3.86G      2.72      1.14      1.39      5.26        28       416     0.257     0.244      0.18     0.223      3.14     0.968      7.13
   107/499     3.86G      2.75      1.14      1.36      5.25        20       416      0.22     0.247     0.177     0.221      3.17      0.97      6.83
   108/499     3.86G      2.73      1.13      1.35      5.21        24       416     0.234     0.245     0.173     0.219      3.11     0.975       6.7
   109/499     3.86G      2.73      1.13      1.39      5.26        26       416     0.213     0.265     0.189      0.23      3.11     0.976       6.7
   110/499     3.86G      2.75      1.19      1.78      5.72        21       416     0.203     0.251      0.17     0.217      3.13     0.974      6.39
   111/119     1.95G      2.64      1.13      0.96      4.73        23       416     0.311     0.291     0.205     0.275      3.14     0.982      6.55
   112/119     3.86G      2.53       1.1     0.957      4.58        23       416     0.302     0.281     0.198     0.268      3.03     0.986      6.58
   113/119     3.86G      2.44      1.09     0.803      4.34        26       416     0.309     0.287       0.2     0.272      3.01     0.983      6.57
   114/119     3.86G      2.42      1.11      0.82      4.35        30       416     0.294     0.289     0.203     0.274      2.99     0.982      6.49
   115/119     3.86G       2.4      1.11     0.799      4.31        31       416     0.298      0.29     0.203     0.275      2.99      0.98      6.54
   116/119     3.86G       2.4       1.1     0.826      4.33        31       416     0.288     0.294     0.205     0.277      2.99     0.981      6.55
   117/119     3.86G      2.39      1.11     0.778      4.28        30       416     0.271     0.275     0.192     0.254      2.99     0.981      6.63
   118/119     3.86G      2.37      1.11     0.782      4.27        26       416     0.298     0.277     0.193     0.261      2.97      0.98       6.6
   119/119     3.86G      2.37      1.08      0.76      4.21        34       416     0.265     0.271     0.187     0.253      2.98     0.981      6.59
   120/199     1.91G      2.45      1.05     0.463      3.97        23       416      0.23     0.268     0.184     0.241      3.17     0.982      6.44
   121/199     3.82G      2.59      1.08     0.823      4.49        23       416     0.264     0.255     0.183     0.236      3.14     0.971      6.79
   122/199     3.82G      2.58      1.07      0.74      4.39        26       416     0.236     0.256     0.187     0.233      3.15     0.967      6.63
   123/199     3.82G      2.57      1.09     0.735       4.4        30       416     0.255     0.267     0.186     0.244      3.18      0.99      6.87
   124/199     3.82G      2.56      1.08      0.71      4.35        31       416     0.258      0.26     0.194     0.245      3.22     0.974      6.72
   125/199     3.82G      2.56      1.07     0.683      4.31        31       416      0.23     0.253     0.172     0.224      3.09     0.968       7.1
   126/199     3.82G      2.55      1.08     0.682      4.31        30       416     0.237     0.257     0.183     0.227      3.17     0.983      7.15
   127/199     3.82G      2.56      1.09     0.659      4.31        26       416     0.288     0.264     0.193     0.249      3.11     0.981      6.98
   128/199     3.82G      2.55      1.06     0.642      4.25        34       416     0.277     0.267     0.185     0.251      3.14     0.979      7.25
   129/199     3.82G      2.54      1.07     0.731      4.35        21       416     0.261     0.259     0.174     0.239      3.15     0.978      7.11
   130/199     3.82G      2.54      1.05     0.643      4.23        28       416     0.246     0.228     0.168     0.217      3.16     0.989      7.38
   131/199     3.82G      2.51      1.06     0.606      4.17        28       416     0.302      0.27       0.2     0.253      3.13         1      7.47
   132/199     3.82G      2.52      1.07     0.671      4.26        30       416      0.25     0.241      0.18     0.226      3.15     0.995      6.89
   133/199     3.82G      2.51      1.05     0.638       4.2        35       416     0.211     0.248     0.183      0.22      3.14     0.991      7.36
   134/199     3.82G      2.51      1.05     0.667      4.23        19       416     0.216     0.237      0.17     0.209      3.24     0.998       7.2
   135/199     3.82G      2.51      1.04     0.634      4.18        31       416     0.271     0.247     0.182     0.234      3.15         1       7.2
   136/199     3.82G      2.54      1.09     0.726      4.35        25       416     0.224     0.233     0.159     0.208      3.18     0.996      7.75
   137/199     3.82G      2.55      1.07     0.786       4.4        26       416     0.279     0.242     0.178     0.233      3.23     0.995      7.25
   138/199     3.82G      2.55      1.08     0.802      4.43        26       416     0.271     0.249     0.177     0.235      3.14     0.997      6.77
   139/199     3.82G      2.55      1.06     0.773      4.39        24       416     0.222     0.227     0.164     0.209      3.15     0.984      7.07
   140/199     3.82G      2.56      1.07     0.771       4.4        38       416     0.203     0.225     0.163     0.201      3.16     0.995      7.17
   141/199     3.82G      2.55      1.07     0.712      4.33        23       416     0.207     0.236     0.166     0.215      3.12     0.989      7.43
   142/199     3.82G      2.54      1.08     0.709      4.33        30       416     0.225     0.239     0.173     0.223      3.15     0.981      7.26
   143/199     3.82G      2.53      1.08     0.747      4.35        35       416     0.208     0.235      0.17     0.211      3.12     0.997      7.53
   144/199     3.82G      2.56      1.08     0.877      4.52        33       416     0.224     0.233     0.164     0.215      3.18     0.999      7.74
   145/199     3.82G      2.58      1.09     0.944      4.62        31       416     0.269     0.237     0.168      0.22      3.16     0.997      7.26
   146/199     3.82G      2.59       1.1     0.938      4.63        29       416     0.221     0.243     0.169      0.22      3.15         1       7.2
   147/199     3.82G      2.57       1.1     0.933      4.61        30       416     0.225      0.24      0.16     0.214      3.16     0.988       7.5
   148/199     3.82G      2.57       1.1     0.861      4.53        33       416     0.226     0.255     0.181     0.222       3.2     0.981      7.37
   149/149     1.95G      2.47      1.06      0.67       4.2        23       416     0.223     0.255     0.176     0.228      3.15     0.995      6.99
