0 0.7967592592592593 0.7274074074074074 0.06018518518518518 0.05185185185185185
5 0.8194444444444444 0.3685185185185185 0.07037037037037037 0.052592592592592594
0 0.09351851851851851 0.8566666666666667 0.07222222222222222 0.06296296296296296
0 0.19814814814814816 0.857037037037037 0.07407407407407407 0.06222222222222222
0 0.3592592592592593 0.9448148148148148 0.07037037037037037 0.08666666666666667
0 0.6782407407407407 0.93 0.075 0.10148148148148148
0 0.46944444444444444 0.9148148148148149 0.08703703703703704 0.08888888888888889
12 0.49722222222222223 0.5559259259259259 0.053703703703703705 0.1474074074074074
0 0.5606481481481481 0.9092592592592592 0.08055555555555556 0.10592592592592592
10 0.36712962962962964 0.6240740740740741 0.13425925925925927 0.08666666666666667
1 0.8268518518518518 0.6407407407407407 0.14629629629629629 0.1688888888888889
6 0.825 0.4885185185185185 0.16296296296296298 0.17555555555555555
12 0.6092592592592593 0.554074074074074 0.14629629629629629 0.23555555555555555
1 0.13518518518518519 0.7311111111111112 0.17222222222222222 0.23703703703703705
2 0.11990740740740741 0.5237037037037037 0.19722222222222222 0.21037037037037037
1 0.6328703703703704 0.7603703703703704 0.18611111111111112 0.24962962962962962
2 0.6319444444444444 0.5622222222222222 0.20462962962962963 0.27111111111111114
1 0.4222222222222222 0.7592592592592593 0.18888888888888888 0.29777777777777775
2 0.41712962962962963 0.5325925925925926 0.24166666666666667 0.25037037037037035
