0 0.37407407407407406 0.8685185185185185 0.040740740740740744 0.05740740740740741
0 0.6324074074074074 0.899074074074074 0.05740740740740741 0.05555555555555555
0 0.20972222222222223 0.8953703703703704 0.05277777777777778 0.06296296296296296
1 0.3712962962962963 0.8 0.05925925925925926 0.1685185185185185
1 0.5791666666666667 0.7842592592592592 0.10648148148148148 0.18888888888888888
1 0.7416666666666667 0.8032407407407407 0.1037037037037037 0.19722222222222222
2 0.36666666666666664 0.6097222222222223 0.12037037037037036 0.18981481481481483
2 0.4935185185185185 0.5990740740740741 0.11851851851851852 0.2
3 0.6504629629629629 0.6333333333333333 0.11388888888888889 0.2222222222222222
3 0.7398148148148148 0.6361111111111111 0.12037037037037036 0.2111111111111111
2 0.17685185185185184 0.6013888888888889 0.14814814814814814 0.1787037037037037
1 0.1736111111111111 0.7782407407407408 0.12314814814814815 0.23425925925925925
