0 0.18621700879765396 0.906891495601173 0.06451612903225806 0.05718475073313783
0 0.4039589442815249 0.8966275659824047 0.060117302052785926 0.06304985337243402
0 0.32697947214076245 0.8980938416422287 0.05865102639296188 0.06598240469208211
0 0.2529325513196481 0.8951612903225806 0.06598240469208211 0.06304985337243402
0 0.1348973607038123 0.9369501466275659 0.05865102639296188 0.07624633431085044
0 0.4838709677419355 0.8914956011730205 0.06744868035190615 0.07038123167155426
5 0.2089442815249267 0.36950146627565983 0.08357771260997067 0.06451612903225806
3 0.7947214076246334 0.48533724340175954 0.1436950146627566 0.17008797653958943
1 0.4772727272727273 0.7602639296187683 0.10703812316715543 0.2653958944281525
3 0.6546920821114369 0.49266862170087977 0.1627565982404692 0.17888563049853373
1 0.36730205278592376 0.7617302052785924 0.14222873900293256 0.22434017595307917
1 0.18181818181818182 0.7734604105571847 0.1436950146627566 0.2653958944281525
3 0.4780058651026393 0.5571847507331378 0.1466275659824047 0.26392961876832843
3 0.28005865102639294 0.5608504398826979 0.1436950146627566 0.32404692082111436
3 0.1774193548387097 0.5535190615835777 0.17008797653958943 0.28885630498533726
