7 0.4064814814814815 0.36183618361836184 0.06666666666666667 0.0288028802880288
7 0.5935185185185186 0.3550855085508551 0.06481481481481481 0.0297029702970297
7 0.3162037037037037 0.3321332133213321 0.06759259259259259 0.034203420342034205
0 0.3625 0.9032403240324033 0.06944444444444445 0.06930693069306931
0 0.4356481481481482 0.8937893789378938 0.07314814814814814 0.06840684068406841
0 0.29305555555555557 0.8874887488748875 0.075 0.0738073807380738
0 0.5666666666666667 0.9014401440144014 0.08888888888888889 0.0675067506750675
0 0.7430555555555556 0.936993699369937 0.08425925925925926 0.07560756075607561
0 0.6796296296296296 0.8960396039603961 0.09814814814814815 0.0675067506750675
10 0.5694444444444444 0.5931593159315932 0.14629629629629629 0.10081008100810081
1 0.3990740740740741 0.7313231323132313 0.12777777777777777 0.26552655265526554
1 0.5638888888888889 0.7416741674167416 0.12037037037037036 0.2826282628262826
6 0.5666666666666667 0.5018001800180018 0.17037037037037037 0.22592259225922592
6 0.4273148148148148 0.5076507650765076 0.175 0.22862286228622863
1 0.300462962962963 0.7133213321332134 0.13240740740740742 0.32493249324932494
6 0.7175925925925926 0.4671467146714671 0.19074074074074074 0.2646264626462646
1 0.7171296296296297 0.7385238523852385 0.1638888888888889 0.3357335733573357
