7 0.6353333333333333 0.27 0.092 0.05733333333333333
0 0.712 0.9553333333333334 0.112 0.076
0 0.5306666666666666 0.8566666666666667 0.13066666666666665 0.08133333333333333
0 0.39066666666666666 0.7993333333333333 0.10133333333333333 0.12933333333333333
0 0.256 0.784 0.10666666666666667 0.128
5 0.43933333333333335 0.1 0.12133333333333333 0.11466666666666667
18 0.6673333333333333 0.36 0.13466666666666666 0.16266666666666665
1 0.352 0.602 0.21333333333333335 0.31333333333333335
2 0.6706666666666666 0.47333333333333333 0.312 0.344
1 0.6053333333333333 0.7386666666666667 0.2986666666666667 0.376
2 0.3526666666666667 0.34 0.30533333333333335 0.392
