0 0.49675925925925923 0.7796296296296297 0.049074074074074076 0.044444444444444446
0 0.5981481481481481 0.7824074074074074 0.04814814814814815 0.046296296296296294
0 0.8587962962962963 0.7865740740740741 0.075 0.06388888888888888
6 0.3425925925925926 0.5050925925925925 0.1537037037037037 0.15648148148148147
6 0.21064814814814814 0.5101851851851852 0.16574074074074074 0.14629629629629629
6 0.7958333333333333 0.5023148148148148 0.17685185185185184 0.1398148148148148
1 0.6342592592592593 0.6652777777777777 0.1259259259259259 0.2212962962962963
1 0.350462962962963 0.6703703703703704 0.13055555555555556 0.2222222222222222
1 0.20972222222222223 0.674537037037037 0.13425925925925927 0.2324074074074074
1 0.812037037037037 0.6675925925925926 0.1574074074074074 0.23333333333333334
