5 0.49583333333333335 0.35509259259259257 0.06574074074074074 0.058333333333333334
0 0.6694444444444444 0.8657407407407407 0.06296296296296296 0.07222222222222222
0 0.5106481481481482 0.8657407407407407 0.058333333333333334 0.07962962962962963
0 0.6050925925925926 0.8583333333333333 0.06944444444444445 0.07222222222222222
0 0.39305555555555555 0.8685185185185185 0.062037037037037036 0.09074074074074075
1 0.3736111111111111 0.7481481481481481 0.12129629629629629 0.21851851851851853
1 0.512962962962963 0.7157407407407408 0.1111111111111111 0.2611111111111111
2 0.5092592592592593 0.5111111111111111 0.13703703703703704 0.24259259259259258
1 0.625462962962963 0.7166666666666667 0.13055555555555556 0.26481481481481484
2 0.6439814814814815 0.5208333333333334 0.1787037037037037 0.2324074074074074
3 0.36157407407407405 0.5171296296296296 0.175 0.30092592592592593
