0 0.7726190476190476 0.7854230377166157 0.06190476190476191 0.060142711518858305
0 0.41309523809523807 0.9296636085626911 0.07142857142857142 0.0672782874617737
0 0.32321428571428573 0.9021406727828746 0.0869047619047619 0.07543323139653414
16 0.7214285714285714 0.564729867482161 0.0880952380952381 0.07951070336391437
16 0.26785714285714285 0.6279306829765545 0.10238095238095238 0.11009174311926606
16 0.5166666666666667 0.718144750254842 0.14285714285714285 0.13557594291539246
6 0.7089285714285715 0.5025484199796126 0.12261904761904761 0.1671763506625892
16 0.4095238095238095 0.7262996941896025 0.16904761904761906 0.13149847094801223
6 0.5077380952380952 0.5795107033639144 0.1392857142857143 0.16819571865443425
6 0.40773809523809523 0.5927624872579002 0.1630952380952381 0.16411824668705402
6 0.6511904761904762 0.5998980632008155 0.15714285714285714 0.1926605504587156
