7 0.09305555555555556 0.5967592592592592 0.09166666666666666 0.04351851851851852
7 0.0962962962962963 0.07175925925925926 0.09814814814814815 0.04722222222222222
7 0.18472222222222223 0.16064814814814815 0.09722222222222222 0.05277777777777778
7 0.33425925925925926 0.5861111111111111 0.0962962962962963 0.053703703703703705
7 0.6032407407407407 0.05416666666666667 0.10648148148148148 0.05648148148148148
7 0.34074074074074073 0.05462962962962963 0.10925925925925926 0.05925925925925926
6 0.4203703703703704 0.961574074074074 0.12777777777777777 0.07314814814814814
6 0.1310185185185185 0.9657407407407408 0.14537037037037037 0.06481481481481481
6 0.95 0.9458333333333333 0.1 0.10833333333333334
19 0.4675925925925926 0.41712962962962963 0.10555555555555556 0.1398148148148148
6 0.5773148148148148 0.1824074074074074 0.18611111111111112 0.1574074074074074
