7 0.6342592592592593 0.31296296296296294 0.07592592592592592 0.03333333333333333
0 0.7231481481481481 0.8348148148148148 0.07407407407407407 0.10814814814814815
0 0.5986111111111111 0.7951851851851852 0.08981481481481482 0.10888888888888888
0 0.39305555555555555 0.8322222222222222 0.13055555555555556 0.10888888888888888
0 0.48703703703703705 0.9374074074074074 0.13148148148148148 0.11037037037037037
0 0.2537037037037037 0.8925925925925926 0.14629629629629629 0.15407407407407409
6 0.6546296296296297 0.45185185185185184 0.18888888888888888 0.17333333333333334
1 0.6694444444444444 0.6685185185185185 0.15185185185185185 0.2525925925925926
10 0.8736111111111111 0.5266666666666666 0.21203703703703702 0.2
1 0.31712962962962965 0.6522222222222223 0.21944444444444444 0.2851851851851852
2 0.32083333333333336 0.44592592592592595 0.35462962962962963 0.24296296296296296
