7 0.22152777777777777 0.6324074074074074 0.08194444444444444 0.05740740740740741
5 0.8236111111111111 0.3509259259259259 0.09166666666666666 0.08333333333333333
6 0.2423611111111111 0.5009259259259259 0.14583333333333334 0.18333333333333332
6 0.25555555555555554 0.8175925925925925 0.14722222222222223 0.21666666666666667
1 0.09791666666666667 0.8759259259259259 0.14305555555555555 0.23703703703703705
6 0.63125 0.575925925925926 0.13472222222222222 0.27037037037037037
6 0.7291666666666666 0.6462962962962963 0.14722222222222223 0.26666666666666666
1 0.8659722222222223 0.887962962962963 0.17916666666666667 0.22407407407407406
6 0.11041666666666666 0.6231481481481481 0.18194444444444444 0.29444444444444445
6 0.4270833333333333 0.6703703703703704 0.18472222222222223 0.37037037037037035
6 0.8638888888888889 0.6296296296296297 0.23055555555555557 0.3814814814814815
