0 0.8578125 0.67875 0.08229166666666667 0.0775
5 0.55625 0.3466666666666667 0.12083333333333333 0.056666666666666664
8 0.490625 0.8629166666666667 0.07708333333333334 0.10083333333333333
5 0.4359375 0.34791666666666665 0.128125 0.07083333333333333
0 0.6276041666666666 0.8995833333333333 0.11770833333333333 0.08583333333333333
8 0.35104166666666664 0.9120833333333334 0.14375 0.0825
10 0.5177083333333333 0.5891666666666666 0.10416666666666667 0.115
0 0.21770833333333334 0.84 0.0875 0.13666666666666666
1 0.4088541666666667 0.7541666666666667 0.23229166666666667 0.20333333333333334
1 0.7213541666666666 0.7429166666666667 0.265625 0.18583333333333332
3 0.33125 0.5720833333333334 0.24583333333333332 0.2941666666666667
