7 0.2465277777777778 0.28789986091794156 0.07083333333333333 0.04172461752433936
8 0.18055555555555555 0.9123783031988874 0.07222222222222222 0.08344923504867872
0 0.47708333333333336 0.9075104311543811 0.09583333333333334 0.08762169680111266
8 0.39791666666666664 0.9047287899860917 0.08472222222222223 0.10152990264255911
0 0.6118055555555556 0.8866481223922114 0.0875 0.09874826147426982
11 0.2375 0.43602225312934634 0.07777777777777778 0.12378303198887343
1 0.34375 0.7482614742698191 0.14027777777777778 0.28372739916550765
1 0.5513888888888889 0.7545201668984701 0.23055555555555557 0.21001390820584145
1 0.12777777777777777 0.7906815020862309 0.22777777777777777 0.2211404728789986
2 0.1638888888888889 0.521557719054242 0.25833333333333336 0.3810848400556328
