0 0.43472222222222223 0.8911111111111111 0.062037037037037036 0.08296296296296296
0 0.24259259259259258 0.9048148148148148 0.09259259259259259 0.07777777777777778
5 0.44305555555555554 0.3996296296296296 0.1175925925925926 0.0674074074074074
5 0.662962962962963 0.36666666666666664 0.11481481481481481 0.07111111111111111
0 0.7828703703703703 0.9366666666666666 0.08611111111111111 0.09555555555555556
0 0.11851851851851852 0.9455555555555556 0.09444444444444444 0.08814814814814814
0 0.6828703703703703 0.9066666666666666 0.12314814814814815 0.06814814814814815
10 0.5564814814814815 0.6507407407407407 0.13333333333333333 0.09111111111111111
1 0.9388888888888889 0.6792592592592592 0.11296296296296296 0.24
1 0.44583333333333336 0.7522222222222222 0.11203703703703703 0.24814814814814815
1 0.7240740740740741 0.7555555555555555 0.1537037037037037 0.2474074074074074
3 0.5680555555555555 0.5818518518518518 0.1675925925925926 0.24074074074074073
3 0.4305555555555556 0.57 0.16296296296296298 0.27925925925925926
3 0.2462962962962963 0.53 0.24444444444444444 0.25851851851851854
1 0.2162037037037037 0.7822222222222223 0.24351851851851852 0.2651851851851852
3 0.7300925925925926 0.5707407407407408 0.2601851851851852 0.3592592592592593
