7 0.6194444444444445 0.562266500622665 0.046296296296296294 0.038605230386052306
5 0.4930555555555556 0.3561643835616438 0.0712962962962963 0.052303860523038606
6 0.49074074074074076 0.4464508094645081 0.05555555555555555 0.07098381070983811
1 0.36944444444444446 0.6475716064757161 0.07407407407407407 0.20921544209215442
6 0.6625 0.4520547945205479 0.1175925925925926 0.1718555417185554
6 0.2101851851851852 0.49688667496886674 0.10555555555555556 0.19427148194271482
1 0.7171296296296297 0.6562889165628891 0.08611111111111111 0.25653798256537985
6 0.39814814814814814 0.4775840597758406 0.12407407407407407 0.1930261519302615
1 0.21064814814814814 0.7166874221668742 0.08981481481481482 0.3026151930261519
1 0.2962962962962963 0.6681195516811955 0.09259259259259259 0.3026151930261519
