7 0.36157407407407405 0.4507407407407407 0.04722222222222222 0.028888888888888888
0 0.30277777777777776 0.8311111111111111 0.05555555555555555 0.05037037037037037
0 0.5768518518518518 0.7285185185185186 0.06481481481481481 0.05555555555555555
0 0.425462962962963 0.7877777777777778 0.09166666666666666 0.04518518518518518
12 0.5550925925925926 0.4981481481481482 0.06388888888888888 0.09703703703703703
12 0.5083333333333333 0.4885185185185185 0.05925925925925926 0.10592592592592592
2 0.5550925925925926 0.5085185185185185 0.16574074074074074 0.14148148148148149
1 0.5574074074074075 0.6311111111111111 0.12962962962962962 0.1985185185185185
6 0.35324074074074074 0.5681481481481482 0.16203703703703703 0.1837037037037037
1 0.35648148148148145 0.7122222222222222 0.16666666666666666 0.18888888888888888
