0 0.4236111111111111 0.9365740740740741 0.06759259259259259 0.09537037037037037
0 0.37037037037037035 0.9328703703703703 0.08518518518518518 0.11018518518518519
20 0.3638888888888889 0.8986111111111111 0.07777777777777778 0.14537037037037037
20 0.43796296296296294 0.8949074074074074 0.07407407407407407 0.1527777777777778
0 0.6333333333333333 0.8726851851851852 0.1259259259259259 0.09537037037037037
10 0.2828703703703704 0.6625 0.08425925925925926 0.18796296296296297
16 0.513425925925926 0.5643518518518519 0.1638888888888889 0.21203703703703702
6 0.5282407407407408 0.36898148148148147 0.18981481481481483 0.22314814814814815
1 0.6546296296296297 0.6111111111111112 0.20185185185185187 0.2759259259259259
6 0.36574074074074076 0.40046296296296297 0.2 0.30833333333333335
6 0.6865740740740741 0.37407407407407406 0.24537037037037038 0.29259259259259257
