0 0.10648148148148148 0.6618518518518518 0.14444444444444443 0.061481481481481484
0 0.7342592592592593 0.7507407407407407 0.11666666666666667 0.08814814814814814
0 0.1287037037037037 0.7496296296296296 0.1425925925925926 0.07407407407407407
0 0.28194444444444444 0.7151851851851851 0.16203703703703703 0.06592592592592593
0 0.3416666666666667 0.7985185185185185 0.19814814814814816 0.0725925925925926
5 0.5763888888888888 0.24888888888888888 0.1527777777777778 0.09481481481481481
10 0.7263888888888889 0.6033333333333334 0.16018518518518518 0.10296296296296296
2 0.32731481481481484 0.4237037037037037 0.19907407407407407 0.17333333333333334
1 0.28703703703703703 0.5774074074074074 0.2833333333333333 0.21555555555555556
2 0.625 0.4411111111111111 0.26666666666666666 0.2614814814814815
