27 0.6371807000946074 0.4739829706717124 0.11069063386944182 0.043519394512771994
0 0.3325449385052034 0.8959318826868495 0.0804162724692526 0.08893093661305582
0 0.2738883632923368 0.8987701040681173 0.07095553453169347 0.10406811731315042
0 0.6679280983916746 0.9295175023651845 0.08893093661305582 0.08420056764427625
0 0.6083254493850521 0.9006622516556292 0.07568590350047304 0.10596026490066225
12 0.6367076631977294 0.337275307473983 0.21570482497634816 0.28855250709555347
1 0.3197729422894986 0.6721854304635762 0.20056764427625354 0.3926206244087039
1 0.6352885525070956 0.6769157994323557 0.20719016083254493 0.4380321665089877
2 0.6348155156102177 0.3401135288552507 0.2876064333017975 0.3491012298959319
2 0.32450331125827814 0.3926206244087039 0.35572374645222327 0.31598864711447494
