7 0.5219399538106235 0.4876302083333333 0.07390300230946882 0.040364583333333336
0 0.48729792147806006 0.9661458333333334 0.07621247113163972 0.059895833333333336
0 0.3608545034642032 0.9446614583333334 0.061200923787528866 0.07942708333333333
0 0.26674364896073904 0.9641927083333334 0.07159353348729793 0.07161458333333333
5 0.3002309468822171 0.33984375 0.07852193995381063 0.078125
1 0.5594688221709007 0.8216145833333334 0.14434180138568128 0.2890625
1 0.2684757505773672 0.7877604166666666 0.14434180138568128 0.296875
1 0.7303695150115473 0.861328125 0.1951501154734411 0.27734375
2 0.25981524249422633 0.5221354166666666 0.20323325635103925 0.2890625
6 0.7130484988452656 0.6451822916666666 0.24364896073903003 0.2955729166666667
