0 0.9023148148148148 0.822962962962963 0.06388888888888888 0.04888888888888889
0 0.26481481481481484 0.9740740740740741 0.07407407407407407 0.044444444444444446
0 0.6787037037037037 0.9492592592592592 0.07777777777777778 0.07777777777777778
0 0.6018518518518519 0.9333333333333333 0.08703703703703704 0.08148148148148149
1 0.9347222222222222 0.7296296296296296 0.12685185185185185 0.18518518518518517
6 0.4550925925925926 0.5233333333333333 0.1787037037037037 0.1874074074074074
1 0.4759259259259259 0.76 0.13148148148148148 0.2874074074074074
1 0.2962962962962963 0.8211111111111111 0.1388888888888889 0.29259259259259257
1 0.6342592592592593 0.7877777777777778 0.1574074074074074 0.2674074074074074
2 0.28194444444444444 0.5807407407407408 0.18796296296296297 0.2311111111111111
2 0.6351851851851852 0.57 0.24444444444444444 0.26296296296296295
