7 0.25046296296296294 0.0872794800371402 0.0824074074074074 0.04456824512534819
7 0.75 0.6002785515320335 0.09259259259259259 0.0436397400185701
7 0.2967592592592593 0.6039925719591458 0.09351851851851851 0.04549675023212628
7 0.7592592592592593 0.0914577530176416 0.09444444444444444 0.052924791086350974
1 0.2916666666666667 0.39507892293407615 0.3055555555555556 0.1829155060352832
1 0.2777777777777778 0.8876508820798514 0.35555555555555557 0.1745589600742804
1 0.7342592592592593 0.3978644382544104 0.3962962962962963 0.16248839368616527
6 0.7962962962962963 0.7613741875580315 0.29444444444444445 0.22098421541318478
1 0.7425925925925926 0.8890436397400185 0.40555555555555556 0.1680594243268338
2 0.2796296296296296 0.2404828226555246 0.31296296296296294 0.2395543175487465
6 0.3 0.7585886722376973 0.3351851851851852 0.23026926648096566
6 0.7611111111111111 0.25487465181058494 0.3425925925925926 0.24233983286908078
