9 0.39675925925925926 0.6618518518518518 0.03611111111111111 0.03037037037037037
7 0.325 0.4033333333333333 0.08148148148148149 0.042222222222222223
10 0.575 0.677037037037037 0.0962962962962963 0.0962962962962963
0 0.29074074074074074 0.9562962962962963 0.11851851851851852 0.0874074074074074
0 0.5486111111111112 0.9485185185185185 0.1175925925925926 0.09851851851851852
0 0.3699074074074074 0.9159259259259259 0.13796296296296295 0.10888888888888888
6 0.4486111111111111 0.5807407407407408 0.20277777777777778 0.21037037037037037
6 0.2537037037037037 0.5618518518518518 0.2037037037037037 0.2111111111111111
1 0.4777777777777778 0.7762962962962963 0.18703703703703703 0.3274074074074074
1 0.25416666666666665 0.76 0.22685185185185186 0.30074074074074075
