7 0.5055555555555555 0.43687374749499 0.06481481481481481 0.026052104208416832
7 0.7018518518518518 0.406312625250501 0.06111111111111111 0.03507014028056112
0 0.5157407407407407 0.9584168336673347 0.07777777777777778 0.06713426853707415
0 0.43796296296296294 0.9549098196392786 0.07777777777777778 0.07014028056112225
0 0.7435185185185185 0.9709418837675351 0.10740740740740741 0.056112224448897796
0 0.6324074074074074 0.9498997995991983 0.12222222222222222 0.08216432865731463
10 0.43148148148148147 0.7990981963927856 0.08148148148148149 0.13927855711422846
2 0.4949074074074074 0.5716432865731463 0.14722222222222223 0.22344689378757515
6 0.7171296296296297 0.5581162324649298 0.16574074074074074 0.23246492985971945
1 0.5712962962962963 0.7950901803607214 0.15 0.2775551102204409
1 0.7393518518518518 0.7895791583166333 0.16018518518518518 0.3186372745490982
