9 0.8589981447124304 0.55526706231454 0.05380333951762523 0.034866468842729974
0 0.602504638218924 0.9484421364985163 0.11224489795918367 0.07640949554896143
0 0.1345083487940631 0.9480712166172107 0.10018552875695733 0.08902077151335312
0 0.7555658627087198 0.9276706231454006 0.10853432282003711 0.09272997032640949
0 0.32142857142857145 0.9373145400593472 0.10853432282003711 0.09272997032640949
0 0.4684601113172542 0.9439910979228486 0.1150278293135436 0.09866468842729971
0 0.887291280148423 0.9369436201780416 0.1345083487940631 0.09792284866468842
6 0.4457328385899815 0.443620178041543 0.21985157699443414 0.21364985163204747
6 0.800556586270872 0.4443620178041543 0.22263450834879406 0.27002967359050445
1 0.8205009276437848 0.7188427299703264 0.2012987012987013 0.3486646884272997
6 0.24953617810760667 0.4577151335311573 0.2634508348794063 0.327893175074184
1 0.24860853432282004 0.7514836795252225 0.23747680890538034 0.3664688427299703
