7 0.4736111111111111 0.352962962962963 0.06759259259259259 0.02148148148148148
0 0.45694444444444443 0.8255555555555556 0.0787037037037037 0.06444444444444444
0 0.6592592592592592 0.8262962962962963 0.08518518518518518 0.07185185185185185
0 0.3421296296296296 0.8333333333333334 0.10648148148148148 0.06518518518518518
0 0.575925925925926 0.835925925925926 0.11666666666666667 0.07333333333333333
6 0.5782407407407407 0.45296296296296296 0.15833333333333333 0.16666666666666666
2 0.5888888888888889 0.47444444444444445 0.1685185185185185 0.18444444444444444
2 0.4444444444444444 0.4862962962962963 0.15555555555555556 0.20074074074074075
20 0.4148148148148148 0.7203703703703703 0.16111111111111112 0.2037037037037037
1 0.6180555555555556 0.6581481481481481 0.14907407407407408 0.29555555555555557
