0 0.7930555555555555 0.9610822831727205 0.10277777777777777 0.07783543365455893
0 0.2439814814814815 0.9484803558191253 0.09166666666666666 0.10007412898443291
0 0.4041666666666667 0.93587842846553 0.08611111111111111 0.11638250555967383
0 0.49722222222222223 0.93587842846553 0.08888888888888889 0.11489992587101557
0 0.6231481481481481 0.938472942920682 0.1388888888888889 0.12305411415863603
1 0.32083333333333336 0.7902149740548554 0.2101851851851852 0.24314306893995552
6 0.7796296296296297 0.5982209043736101 0.21851851851851853 0.2727946627131208
11 0.5115740740740741 0.36730911786508524 0.22314814814814815 0.27353595255744995
6 0.5166666666666667 0.3995552260934025 0.2722222222222222 0.34395848776871757
6 0.32685185185185184 0.5455893254262416 0.3111111111111111 0.3335804299481097
1 0.5842592592592593 0.7171979243884359 0.31666666666666665 0.38176426982950334
