7 0.6291666666666667 0.33868974042027195 0.05648148148148148 0.042027194066749075
7 0.7050925925925926 0.37515451174289244 0.05648148148148148 0.04326328800988875
7 0.22361111111111112 0.44066749072929545 0.062037037037037036 0.0407911001236094
7 0.3398148148148148 0.4072929542645241 0.05740740740740741 0.04573547589616811
7 0.42962962962962964 0.3912237330037083 0.05925925925925926 0.04573547589616811
7 0.8310185185185185 0.39864029666254636 0.06759259259259259 0.0407911001236094
7 0.28935185185185186 0.3504326328800989 0.06944444444444445 0.04573547589616811
6 0.5472222222222223 0.5086526576019778 0.14074074074074075 0.1841779975278121
1 0.20277777777777778 0.8912237330037083 0.12407407407407407 0.21755253399258342
6 0.7143518518518519 0.5605686032138443 0.13796296296296295 0.2138442521631644
6 0.8629629629629629 0.5803461063040791 0.1388888888888889 0.2311495673671199
21 0.7138888888888889 0.7311495673671199 0.14444444444444443 0.22867737948084055
6 0.2152777777777778 0.6644004944375772 0.12685185185185185 0.3522867737948084
