0 0.1076388888888889 0.8965277777777778 0.11805555555555555 0.07361111111111111
0 0.5479166666666667 0.83125 0.10972222222222222 0.08472222222222223
0 0.4777777777777778 0.8826388888888889 0.11388888888888889 0.08472222222222223
0 0.9020833333333333 0.8805555555555555 0.10416666666666667 0.1
0 0.7902777777777777 0.9041666666666667 0.10833333333333334 0.10277777777777777
0 0.18263888888888888 0.8770833333333333 0.14027777777777778 0.08472222222222223
5 0.5888888888888889 0.4270833333333333 0.1638888888888889 0.1486111111111111
16 0.10625 0.6548611111111111 0.1875 0.15416666666666667
6 0.8833333333333333 0.5194444444444445 0.18888888888888888 0.21388888888888888
6 0.49166666666666664 0.5208333333333334 0.23055555555555557 0.20833333333333334
6 0.1423611111111111 0.5159722222222223 0.25416666666666665 0.24583333333333332
1 0.8743055555555556 0.7201388888888889 0.23472222222222222 0.31527777777777777
1 0.475 0.6777777777777778 0.26944444444444443 0.275
