7 0.24074074074074073 0.47814814814814816 0.07222222222222222 0.03185185185185185
7 0.35648148148148145 0.4985185185185185 0.07407407407407407 0.034074074074074076
7 0.4648148148148148 0.4951851851851852 0.07407407407407407 0.03777777777777778
0 0.2861111111111111 0.9640740740740741 0.11296296296296296 0.04962962962962963
0 0.5078703703703704 0.9440740740740741 0.09351851851851851 0.06296296296296296
6 0.36018518518518516 0.6044444444444445 0.17222222222222222 0.17629629629629628
2 0.24537037037037038 0.6048148148148148 0.17222222222222222 0.17703703703703705
1 0.3527777777777778 0.7962962962962963 0.14814814814814814 0.22814814814814816
21 0.549074074074074 0.7911111111111111 0.20185185185185187 0.21925925925925926
2 0.513425925925926 0.6307407407407407 0.19722222222222222 0.22592592592592592
