8 0.26510416666666664 0.8958333333333334 0.071875 0.09166666666666666
0 0.3776041666666667 0.8679166666666667 0.09479166666666666 0.08416666666666667
8 0.5572916666666666 0.88125 0.10208333333333333 0.09416666666666666
12 0.24635416666666668 0.4925 0.10520833333333333 0.12
8 0.7458333333333333 0.9370833333333334 0.13333333333333333 0.11083333333333334
21 0.240625 0.5879166666666666 0.1625 0.10083333333333333
6 0.7880208333333333 0.5083333333333333 0.14270833333333333 0.23666666666666666
2 0.5588541666666667 0.56375 0.19270833333333334 0.20416666666666666
1 0.7875 0.7404166666666666 0.11666666666666667 0.3408333333333333
1 0.5588541666666667 0.7325 0.196875 0.23666666666666666
2 0.20625 0.5004166666666666 0.2708333333333333 0.20916666666666667
