7 0.6018518518518519 0.39555555555555555 0.06666666666666667 0.037037037037037035
7 0.43287037037037035 0.37 0.0787037037037037 0.040740740740740744
0 0.5550925925925926 0.8596296296296296 0.058333333333333334 0.0674074074074074
7 0.425 0.41 0.09259259259259259 0.0437037037037037
0 0.37175925925925923 0.8925925925925926 0.075 0.06962962962962962
0 0.6611111111111111 0.8648148148148148 0.07777777777777778 0.0674074074074074
0 0.4356481481481482 0.8737037037037036 0.08981481481481482 0.06444444444444444
1 0.6078703703703704 0.7155555555555555 0.1361111111111111 0.28296296296296297
2 0.6217592592592592 0.5207407407407407 0.2101851851851852 0.20148148148148148
1 0.4046296296296296 0.7366666666666667 0.15925925925925927 0.27185185185185184
2 0.37453703703703706 0.5159259259259259 0.2212962962962963 0.22592592592592592
