0 0.06620370370370371 0.9828703703703704 0.058333333333333334 0.03425925925925926
0 0.11527777777777778 0.975 0.0712962962962963 0.044444444444444446
11 0.2625 0.5236111111111111 0.07314814814814814 0.049074074074074076
0 0.9449074074074074 0.9745370370370371 0.09537037037037037 0.04537037037037037
10 0.16527777777777777 0.649537037037037 0.062037037037037036 0.0712962962962963
2 0.9356481481481481 0.5791666666666667 0.1287037037037037 0.22685185185185186
1 0.9310185185185185 0.812962962962963 0.12129629629629629 0.3074074074074074
2 0.8027777777777778 0.5796296296296296 0.1814814814814815 0.23333333333333334
17 0.2773148148148148 0.6601851851851852 0.1824074074074074 0.25555555555555554
2 0.6398148148148148 0.5625 0.1925925925925926 0.2490740740740741
17 0.10324074074074074 0.6759259259259259 0.17314814814814813 0.337037037037037
