0 0.1310185185185185 0.9009259259259259 0.05648148148148148 0.06296296296296296
5 0.1685185185185185 0.40046296296296297 0.07777777777777778 0.0712962962962963
0 0.9407407407407408 0.9495370370370371 0.07407407407407407 0.0787037037037037
5 0.4532407407407407 0.40925925925925927 0.11018518518518519 0.10185185185185185
6 0.3458333333333333 0.5634259259259259 0.09351851851851851 0.2490740740740741
6 0.06805555555555555 0.5060185185185185 0.1287037037037037 0.21388888888888888
1 0.9097222222222222 0.7777777777777778 0.12314814814814815 0.2851851851851852
1 0.11805555555555555 0.7486111111111111 0.13055555555555556 0.26944444444444443
6 0.5601851851851852 0.2791666666666667 0.16296296296296298 0.24537037037037038
2 0.9083333333333333 0.5518518518518518 0.16296296296296298 0.2814814814814815
6 0.35324074074074074 0.350462962962963 0.19166666666666668 0.2564814814814815
