0 0.3194444444444444 0.6805555555555556 0.05185185185185185 0.05740740740740741
5 0.575462962962963 0.34814814814814815 0.08055555555555556 0.04259259259259259
0 0.13148148148148148 0.6759259259259259 0.08333333333333333 0.06481481481481481
0 0.7018518518518518 0.7171296296296297 0.07592592592592592 0.0712962962962963
6 0.24583333333333332 0.4324074074074074 0.14722222222222223 0.12962962962962962
6 0.4449074074074074 0.44675925925925924 0.15648148148148147 0.14722222222222223
6 0.8069444444444445 0.45231481481481484 0.175 0.14351851851851852
1 0.7865740740740741 0.6041666666666666 0.15648148148148147 0.1787037037037037
2 0.5958333333333333 0.45185185185185184 0.16018518518518518 0.18333333333333332
1 0.6504629629629629 0.6064814814814815 0.18055555555555555 0.17592592592592593
1 0.24537037037037038 0.5731481481481482 0.20925925925925926 0.17777777777777778
