7 0.4101796407185629 0.3146964856230032 0.07385229540918163 0.038338658146964855
7 0.6012974051896207 0.2539936102236422 0.07684630738522955 0.038338658146964855
7 0.37425149700598803 0.21365814696485624 0.08582834331337326 0.04073482428115016
7 0.5194610778443114 0.319888178913738 0.08882235528942116 0.0439297124600639
0 0.6961077844311377 0.875 0.07884231536926148 0.10463258785942492
0 0.5434131736526946 0.8742012779552716 0.08483033932135728 0.09664536741214058
10 0.7435129740518962 0.577076677316294 0.08183632734530938 0.10303514376996806
0 0.20059880239520958 0.7731629392971247 0.08582834331337326 0.10862619808306709
0 0.35179640718562877 0.8781948881789138 0.11676646706586827 0.08546325878594249
0 0.3003992015968064 0.9165335463258786 0.10778443113772455 0.09824281150159744
6 0.29790419161676646 0.5107827476038339 0.23253493013972057 0.384185303514377
