0 0.7875 0.7046296296296296 0.07685185185185185 0.07592592592592592
0 0.9078703703703703 0.7435185185185185 0.0787037037037037 0.08148148148148149
0 0.0412037037037037 0.7296296296296296 0.0824074074074074 0.07962962962962963
0 0.12222222222222222 0.7240740740740741 0.08888888888888889 0.08148148148148149
0 0.2861111111111111 0.725462962962963 0.08148148148148149 0.09166666666666666
0 0.4425925925925926 0.7027777777777777 0.09444444444444444 0.07962962962962963
0 0.6856481481481481 0.7064814814814815 0.09907407407407408 0.07777777777777778
0 0.5699074074074074 0.7060185185185185 0.09722222222222222 0.0787037037037037
0 0.35694444444444445 0.7180555555555556 0.08981481481481482 0.09537037037037037
6 0.17222222222222222 0.25324074074074077 0.09074074074074075 0.11018518518518519
2 0.9046296296296297 0.4356481481481482 0.17777777777777778 0.20277777777777778
1 0.7388888888888889 0.5884259259259259 0.1962962962962963 0.19537037037037036
6 0.32222222222222224 0.449537037037037 0.20555555555555555 0.18981481481481483
1 0.8939814814814815 0.5935185185185186 0.16574074074074074 0.2351851851851852
6 0.10046296296296296 0.4449074074074074 0.20092592592592592 0.19907407407407407
1 0.5185185185185185 0.5884259259259259 0.19814814814814816 0.21574074074074073
1 0.10601851851851851 0.5884259259259259 0.20277777777777778 0.21203703703703702
1 0.31342592592592594 0.5879629629629629 0.24351851851851852 0.20555555555555555
