0 0.6541666666666667 0.700925925925926 0.1175925925925926 0.07407407407407407
0 0.3537037037037037 0.9421296296296297 0.1037037037037037 0.09537037037037037
0 0.5694444444444444 0.825 0.11481481481481481 0.09074074074074075
10 0.26805555555555555 0.4935185185185185 0.08611111111111111 0.12407407407407407
0 0.45601851851851855 0.7953703703703704 0.12314814814814815 0.08888888888888889
0 0.2212962962962963 0.7953703703703704 0.12407407407407407 0.1
6 0.7277777777777777 0.23703703703703705 0.15555555555555556 0.18333333333333332
6 0.38981481481481484 0.2967592592592593 0.15555555555555556 0.2175925925925926
6 0.5699074074074074 0.34305555555555556 0.16574074074074074 0.2064814814814815
1 0.675 0.5046296296296297 0.17592592592592593 0.4222222222222222
1 0.43333333333333335 0.6319444444444444 0.28703703703703703 0.47685185185185186
