7 0.3902777777777778 0.12037037037037036 0.09537037037037037 0.05
7 0.5634259259259259 0.09814814814814815 0.09907407407407408 0.05185185185185185
10 0.8226851851851852 0.9629629629629629 0.11018518518518519 0.07407407407407407
0 0.3888888888888889 0.8921296296296296 0.1259259259259259 0.11018518518518519
0 0.5462962962962963 0.9101851851851852 0.16111111111111112 0.15185185185185185
10 0.8185185185185185 0.6824074074074075 0.18703703703703703 0.26851851851851855
6 0.3212962962962963 0.3574074074074074 0.3 0.3425925925925926
1 0.2773148148148148 0.7384259259259259 0.19537037037037036 0.5231481481481481
2 0.6370370370370371 0.3476851851851852 0.37962962962962965 0.35648148148148145
1 0.5856481481481481 0.6476851851851851 0.3212962962962963 0.4324074074074074
