0 0.7458333333333333 0.8826347305389222 0.05092592592592592 0.06706586826347305
0 0.9388888888888889 0.8718562874251496 0.04814814814814815 0.07664670658682635
0 0.6643518518518519 0.884431137724551 0.058333333333333334 0.0658682634730539
0 0.8587962962962963 0.874251497005988 0.062037037037037036 0.06946107784431138
0 0.6018518518518519 0.88562874251497 0.06481481481481481 0.07065868263473053
0 0.5171296296296296 0.8880239520958084 0.06759259259259259 0.07784431137724551
1 0.7143518518518519 0.7281437125748503 0.10277777777777777 0.2874251497005988
1 0.8851851851851852 0.7119760479041917 0.13333333333333333 0.31017964071856285
1 0.5574074074074075 0.7245508982035929 0.12777777777777777 0.33053892215568864
3 0.8611111111111112 0.42574850299401196 0.15925925925925927 0.3437125748502994
3 0.5578703703703703 0.4359281437125748 0.17685185185185184 0.3449101796407186
3 0.7111111111111111 0.44011976047904194 0.17037037037037037 0.38682634730538923
