9 0.17222222222222222 0.7027777777777777 0.07222222222222222 0.05185185185185185
7 0.8398148148148148 0.29259259259259257 0.08703703703703704 0.04259259259259259
7 0.6458333333333334 0.28055555555555556 0.09537037037037037 0.05185185185185185
7 0.36666666666666664 0.2810185185185185 0.0962962962962963 0.05277777777777778
0 0.2916666666666667 0.9675925925925926 0.1037037037037037 0.06481481481481481
0 0.11851851851851852 0.9634259259259259 0.1111111111111111 0.06388888888888888
0 0.7824074074074074 0.9541666666666667 0.10740740740740741 0.08611111111111111
0 0.40694444444444444 0.9541666666666667 0.11203703703703703 0.09166666666666666
0 0.8666666666666667 0.9435185185185185 0.11296296296296296 0.10740740740740741
6 0.8541666666666666 0.48194444444444445 0.19166666666666668 0.2657407407407407
6 0.12268518518518519 0.5254629629629629 0.22870370370370371 0.3138888888888889
1 0.6240740740740741 0.8032407407407407 0.20555555555555555 0.39351851851851855
1 0.13472222222222222 0.8231481481481482 0.23981481481481481 0.3537037037037037
1 0.8643518518518518 0.7791666666666667 0.25462962962962965 0.36018518518518516
6 0.6087962962962963 0.4759259259259259 0.3138888888888889 0.29444444444444445
6 0.36157407407407405 0.5199074074074074 0.27685185185185185 0.35462962962962963
