7 0.7199074074074074 0.3244444444444444 0.10648148148148148 0.04148148148148148
7 0.31203703703703706 0.3237037037037037 0.0962962962962963 0.05037037037037037
7 0.5175925925925926 0.5251851851851852 0.05740740740740741 0.1111111111111111
0 0.32175925925925924 0.6988888888888889 0.09722222222222222 0.07925925925925927
0 0.7606481481481482 0.8062962962962963 0.08981481481481482 0.1162962962962963
5 0.3148148148148148 0.30185185185185187 0.13333333333333333 0.07925925925925927
0 0.8865740740740741 0.8511111111111112 0.09907407407407408 0.10666666666666667
0 0.21481481481481482 0.8562962962962963 0.09814814814814815 0.11259259259259259
0 0.6467592592592593 0.8503703703703703 0.13240740740740742 0.12148148148148148
0 0.47824074074074074 0.8011111111111111 0.16018518518518518 0.12666666666666668
1 0.2662037037037037 0.6622222222222223 0.22870370370370371 0.22814814814814816
6 0.7328703703703704 0.5140740740740741 0.2601851851851852 0.20592592592592593
2 0.5189814814814815 0.547037037037037 0.3175925925925926 0.19185185185185186
1 0.7449074074074075 0.6766666666666666 0.225 0.2733333333333333
2 0.2847222222222222 0.4981481481481482 0.24537037037037038 0.26
1 0.5541666666666667 0.6762962962962963 0.3490740740740741 0.20592592592592593
