7 0.4875 0.45 0.06388888888888888 0.024444444444444446
7 0.6032407407407407 0.4696296296296296 0.06574074074074074 0.03259259259259259
0 0.5657407407407408 0.8833333333333333 0.053703703703703705 0.07037037037037037
0 0.39675925925925926 0.835925925925926 0.07314814814814814 0.052592592592592594
0 0.5152777777777777 0.8374074074074074 0.06759259259259259 0.05703703703703704
0 0.34444444444444444 0.8355555555555556 0.06851851851851852 0.05925925925925926
1 0.3736111111111111 0.7118518518518518 0.14351851851851852 0.17333333333333334
2 0.5898148148148148 0.5714814814814815 0.18333333333333332 0.15333333333333332
1 0.5578703703703703 0.7355555555555555 0.12685185185185185 0.2237037037037037
2 0.41759259259259257 0.5559259259259259 0.17962962962962964 0.17851851851851852
