7 0.7913333333333333 0.25066666666666665 0.07066666666666667 0.042666666666666665
7 0.8813333333333333 0.21 0.08 0.03866666666666667
7 0.124 0.242 0.09066666666666667 0.03866666666666667
7 0.47733333333333333 0.506 0.08 0.044
7 0.2613333333333333 0.24933333333333332 0.08266666666666667 0.042666666666666665
0 0.188 0.81 0.064 0.07866666666666666
0 0.782 0.8293333333333334 0.06266666666666666 0.08266666666666667
0 0.056 0.8326666666666667 0.07733333333333334 0.068
0 0.2906666666666667 0.808 0.07466666666666667 0.07466666666666667
0 0.8966666666666666 0.7573333333333333 0.07866666666666666 0.072
6 0.6326666666666667 0.418 0.15333333333333332 0.17466666666666666
6 0.4686666666666667 0.638 0.172 0.15866666666666668
1 0.06133333333333333 0.6653333333333333 0.12266666666666666 0.232
16 0.738 0.716 0.17466666666666666 0.16533333333333333
21 0.24266666666666667 0.6013333333333334 0.18666666666666668 0.15733333333333333
6 0.734 0.598 0.204 0.15066666666666667
6 0.774 0.41933333333333334 0.12933333333333333 0.25466666666666665
1 0.9273333333333333 0.6013333333333334 0.12933333333333333 0.27466666666666667
1 0.5053333333333333 0.7886666666666666 0.24 0.172
6 0.916 0.36333333333333334 0.168 0.26
6 0.09333333333333334 0.43533333333333335 0.18666666666666668 0.292
6 0.25066666666666665 0.42533333333333334 0.22666666666666666 0.264
