7 0.6792929292929293 0.2920353982300885 0.04882154882154882 0.03982300884955752
7 0.24579124579124578 0.24225663716814158 0.05723905723905724 0.03761061946902655
7 0.09848484848484848 0.27654867256637167 0.05555555555555555 0.03982300884955752
7 0.9116161616161617 0.3174778761061947 0.05555555555555555 0.046460176991150445
7 0.7390572390572391 0.3008849557522124 0.06060606060606061 0.048672566371681415
0 0.6035353535353535 0.665929203539823 0.058922558922558925 0.07964601769911504
0 0.37457912457912457 0.7986725663716814 0.13636363636363635 0.09292035398230089
6 0.2617845117845118 0.35398230088495575 0.11616161616161616 0.168141592920354
6 0.7466329966329966 0.4424778761061947 0.12962962962962962 0.19911504424778761
6 0.9107744107744108 0.497787610619469 0.12794612794612795 0.21238938053097345
10 0.57996632996633 0.8938053097345132 0.19023569023569023 0.168141592920354
1 0.6691919191919192 0.5630530973451328 0.15656565656565657 0.21017699115044247
1 0.4217171717171717 0.7013274336283186 0.1531986531986532 0.25663716814159293
2 0.4090909090909091 0.48672566371681414 0.18181818181818182 0.3008849557522124
