7 0.8342592592592593 0.39490740740740743 0.05555555555555555 0.03425925925925926
7 0.37083333333333335 0.36157407407407405 0.09166666666666666 0.03796296296296296
0 0.8671296296296296 0.749537037037037 0.075 0.07685185185185185
0 0.9337962962962963 0.8055555555555556 0.09351851851851851 0.07592592592592592
0 0.5861111111111111 0.9398148148148148 0.12777777777777777 0.09444444444444444
6 0.8226851851851852 0.4925925925925926 0.1787037037037037 0.16111111111111112
6 0.09444444444444444 0.5726851851851852 0.18888888888888888 0.1824074074074074
1 0.10555555555555556 0.7953703703703704 0.19444444444444445 0.35
6 0.37037037037037035 0.5162037037037037 0.29444444444444445 0.24351851851851852
1 0.5074074074074074 0.7277777777777777 0.25555555555555554 0.34814814814814815
