7 0.3388888888888889 0.37407407407407406 0.10185185185185185 0.03111111111111111
0 0.6791666666666667 0.8877777777777778 0.09351851851851851 0.06888888888888889
0 0.42685185185185187 0.8870370370370371 0.07592592592592592 0.08518518518518518
0 0.562962962962963 0.8792592592592593 0.08888888888888889 0.08296296296296296
0 0.31342592592592594 0.8959259259259259 0.09537037037037037 0.07777777777777778
0 0.8324074074074074 0.9322222222222222 0.08888888888888889 0.08962962962962963
0 0.18472222222222223 0.9285185185185185 0.12314814814814815 0.08518518518518518
10 0.5842592592592593 0.71 0.09444444444444444 0.12666666666666668
2 0.7060185185185185 0.5337037037037037 0.2212962962962963 0.17555555555555555
1 0.49444444444444446 0.7781481481481481 0.18518518518518517 0.22444444444444445
1 0.2828703703703704 0.7537037037037037 0.1935185185185185 0.2896296296296296
1 0.7226851851851852 0.752962962962963 0.2324074074074074 0.2733333333333333
2 0.2912037037037037 0.5262962962962963 0.262037037037037 0.25555555555555554
