7 0.8328703703703704 0.43996062992125984 0.05462962962962963 0.021653543307086614
0 0.9458333333333333 0.8617125984251969 0.058333333333333334 0.060039370078740155
0 0.47962962962962963 0.8587598425196851 0.06481481481481481 0.060039370078740155
0 0.7138888888888889 0.8548228346456693 0.07222222222222222 0.058070866141732284
0 0.8273148148148148 0.8631889763779528 0.07685185185185185 0.05708661417322835
0 0.36064814814814816 0.8656496062992126 0.08611111111111111 0.06200787401574803
6 0.549537037037037 0.5664370078740157 0.13240740740740742 0.1545275590551181
1 0.5689814814814815 0.7421259842519685 0.09351851851851851 0.23228346456692914
6 0.3592592592592593 0.5659448818897638 0.16111111111111112 0.14763779527559054
6 0.8685185185185185 0.5693897637795275 0.13518518518518519 0.19586614173228348
1 0.887962962962963 0.7529527559055118 0.13703703703703704 0.22244094488188976
1 0.7393518518518518 0.7214566929133859 0.125 0.27165354330708663
1 0.41203703703703703 0.7436023622047244 0.18703703703703703 0.21948818897637795
