9 0.8703703703703703 0.6032407407407407 0.046296296296296294 0.03425925925925926
0 0.21064814814814814 0.8986111111111111 0.06388888888888888 0.09166666666666666
0 0.7902777777777777 0.9013888888888889 0.062037037037037036 0.09907407407407408
0 0.40046296296296297 0.8064814814814815 0.08611111111111111 0.09259259259259259
6 0.17546296296296296 0.47962962962962963 0.18796296296296297 0.22777777777777777
6 0.788425925925926 0.4708333333333333 0.18796296296296297 0.23796296296296296
1 0.8087962962962963 0.7148148148148148 0.17685185185185184 0.2962962962962963
1 0.20277777777777778 0.7143518518518519 0.15925925925925927 0.33796296296296297
1 0.4898148148148148 0.7356481481481482 0.1814814814814815 0.38055555555555554
6 0.5 0.4444444444444444 0.2518518518518518 0.3648148148148148
