0 0.12777777777777777 0.39814814814814814 0.09814814814814815 0.053703703703703705
8 0.17222222222222222 0.9342592592592592 0.08703703703703704 0.1037037037037037
6 0.16111111111111112 0.13148148148148148 0.10925925925925926 0.15185185185185185
1 0.14814814814814814 0.27361111111111114 0.10925925925925926 0.18611111111111112
0 0.5407407407407407 0.2574074074074074 0.18518518518518517 0.12037037037037036
1 0.4898148148148148 0.7861111111111111 0.15 0.18888888888888888
20 0.36435185185185187 0.5615740740740741 0.15833333333333333 0.22314814814814815
2 0.14537037037037037 0.6023148148148149 0.2 0.18981481481481483
1 0.13472222222222222 0.7652777777777777 0.16203703703703703 0.2657407407407407
1 0.8740740740740741 0.3458333333333333 0.18888888888888888 0.275
