0 0.8023148148148148 0.9493927125506073 0.08055555555555556 0.0796221322537112
0 0.5472222222222223 0.9311740890688259 0.07777777777777778 0.08636977058029689
0 0.3675925925925926 0.9608636977058029 0.10185185185185185 0.06747638326585695
0 0.7050925925925926 0.9109311740890689 0.08425925925925926 0.09986504723346828
5 0.08611111111111111 0.3340080971659919 0.15925925925925927 0.19298245614035087
1 0.7763888888888889 0.7989203778677463 0.11574074074074074 0.3481781376518219
1 0.1037037037037037 0.8238866396761133 0.13333333333333333 0.3522267206477733
6 0.34629629629629627 0.4257759784075574 0.2111111111111111 0.23616734143049933
2 0.09861111111111111 0.5546558704453441 0.1712962962962963 0.3049932523616734
1 0.4023148148148148 0.7739541160593792 0.14907407407407408 0.3900134952766532
3 0.5453703703703704 0.5175438596491229 0.1685185185185185 0.39541160593792174
3 0.750462962962963 0.5263157894736842 0.27685185185185185 0.40215924426450744
