14 0.33240740740740743 0.5307407407407407 0.05925925925925926 0.051111111111111114
7 0.43657407407407406 0.2859259259259259 0.08425925925925926 0.04888888888888889
0 0.2462962962962963 0.9433333333333334 0.12222222222222222 0.06
0 0.7384259259259259 0.9296296296296296 0.10648148148148148 0.09037037037037036
0 0.4263888888888889 0.9159259259259259 0.15833333333333333 0.07629629629629629
5 0.12453703703703704 0.49703703703703705 0.1361111111111111 0.08888888888888889
1 0.25972222222222224 0.8088888888888889 0.1712962962962963 0.22962962962962963
6 0.21851851851851853 0.6266666666666667 0.20555555555555555 0.21777777777777776
6 0.5699074074074074 0.4159259259259259 0.2490740740740741 0.23037037037037036
1 0.6032407407407407 0.6988888888888889 0.3675925925925926 0.40814814814814815
