9 0.6574074074074074 0.6305555555555555 0.05740740740740741 0.03148148148148148
7 0.5472222222222223 0.3375 0.08148148148148149 0.03796296296296296
7 0.4449074074074074 0.3175925925925926 0.09907407407407408 0.03888888888888889
0 0.6388888888888888 0.9694444444444444 0.08888888888888889 0.05925925925925926
0 0.4064814814814815 0.9513888888888888 0.08148148148148149 0.08796296296296297
0 0.5268518518518519 0.9462962962962963 0.09259259259259259 0.08333333333333333
0 0.29398148148148145 0.9550925925925926 0.1361111111111111 0.07314814814814814
6 0.5694444444444444 0.5120370370370371 0.1962962962962963 0.2722222222222222
1 0.5671296296296297 0.7800925925925926 0.17314814814814813 0.3509259259259259
1 0.37592592592592594 0.7833333333333333 0.18518518518518517 0.362962962962963
6 0.40879629629629627 0.5009259259259259 0.23055555555555557 0.31851851851851853
