7 0.375 0.3736111111111111 0.07037037037037037 0.03981481481481482
0 0.39444444444444443 0.9143518518518519 0.06481481481481481 0.06759259259259259
0 0.5111111111111111 0.9125 0.07777777777777778 0.06018518518518518
0 0.6337962962962963 0.9287037037037037 0.07314814814814814 0.07037037037037037
0 0.29907407407407405 0.9291666666666667 0.1111111111111111 0.06018518518518518
12 0.4824074074074074 0.4986111111111111 0.07037037037037037 0.1638888888888889
2 0.4912037037037037 0.5027777777777778 0.14351851851851852 0.21481481481481482
1 0.36898148148148147 0.7398148148148148 0.1527777777777778 0.32592592592592595
1 0.5564814814814815 0.7402777777777778 0.18888888888888888 0.31574074074074077
2 0.3680555555555556 0.5050925925925925 0.21388888888888888 0.2935185185185185
