11 0.34444444444444444 0.3768518518518518 0.07962962962962963 0.03518518518518519
0 0.6851851851851852 0.9115740740740741 0.06296296296296296 0.09166666666666666
0 0.5097222222222222 0.9541666666666667 0.0787037037037037 0.0824074074074074
0 0.5995370370370371 0.9296296296296296 0.06944444444444445 0.09444444444444444
0 0.45046296296296295 0.9458333333333333 0.0787037037037037 0.08981481481481482
11 0.4546296296296296 0.32175925925925924 0.08703703703703704 0.08425925925925926
11 0.6546296296296297 0.41712962962962963 0.07962962962962963 0.11018518518518519
10 0.7643518518518518 0.7439814814814815 0.08611111111111111 0.10648148148148148
0 0.3 0.9027777777777778 0.10555555555555556 0.09074074074074075
8 0.13148148148148148 0.9458333333333333 0.11666666666666667 0.10833333333333334
1 0.1449074074074074 0.7949074074074074 0.14537037037037037 0.25092592592592594
1 0.8606481481481482 0.8657407407407407 0.175 0.24259259259259258
6 0.1175925925925926 0.4962962962962963 0.17037037037037037 0.2777777777777778
17 0.2953703703703704 0.5773148148148148 0.17962962962962964 0.3212962962962963
6 0.6560185185185186 0.49027777777777776 0.1824074074074074 0.32314814814814813
6 0.8643518518518518 0.6425925925925926 0.21574074074074073 0.37777777777777777
24 0.6601851851851852 0.65 0.17222222222222222 0.5148148148148148
17 0.4722222222222222 0.5027777777777778 0.21481481481481482 0.45555555555555555
