0 0.41805555555555557 0.9601851851851851 0.06018518518518518 0.06666666666666667
0 0.49722222222222223 0.9462962962962963 0.06296296296296296 0.08148148148148149
5 0.7157407407407408 0.24861111111111112 0.08888888888888889 0.06388888888888888
0 0.2023148148148148 0.9662037037037037 0.11203703703703703 0.06759259259259259
0 0.33611111111111114 0.9597222222222223 0.10740740740740741 0.08055555555555556
5 0.5023148148148148 0.32083333333333336 0.11574074074074074 0.08055555555555556
5 0.8648148148148148 0.26435185185185184 0.11666666666666667 0.08981481481481482
16 0.4787037037037037 0.6412037037037037 0.17407407407407408 0.1824074074074074
6 0.4708333333333333 0.4773148148148148 0.16944444444444445 0.2212962962962963
6 0.11435185185185186 0.5208333333333334 0.2101851851851852 0.2972222222222222
1 0.1361111111111111 0.8037037037037037 0.22037037037037038 0.37962962962962965
