7 0.5833333333333334 0.5078703703703704 0.040740740740740744 0.025
0 0.49074074074074076 0.8814814814814815 0.05555555555555555 0.05555555555555555
0 0.6592592592592592 0.913425925925926 0.06111111111111111 0.05277777777777778
0 0.3814814814814815 0.8819444444444444 0.06666666666666667 0.05462962962962963
6 0.47824074074074074 0.5847222222222223 0.05462962962962963 0.09351851851851851
10 0.6560185185185186 0.649074074074074 0.0824074074074074 0.08333333333333333
6 0.5898148148148148 0.6037037037037037 0.12407407407407407 0.14444444444444443
6 0.4041666666666667 0.600462962962963 0.14722222222222223 0.15833333333333333
1 0.42268518518518516 0.7587962962962963 0.1527777777777778 0.20092592592592592
1 0.5819444444444445 0.7800925925925926 0.16574074074074074 0.21944444444444444
