7 0.39947916666666666 0.5640625 0.059375 0.034375
7 0.7442708333333333 0.5520833333333334 0.059375 0.035416666666666666
0 0.5546875 0.9328125 0.071875 0.059375
0 0.6640625 0.9421875 0.078125 0.059375
0 0.7541666666666667 0.9119791666666667 0.07291666666666667 0.07395833333333333
0 0.4171875 0.9458333333333333 0.09270833333333334 0.06041666666666667
6 0.375 0.659375 0.1125 0.08333333333333333
6 0.6473958333333333 0.6322916666666667 0.14270833333333333 0.175
1 0.6671875 0.8010416666666667 0.128125 0.21458333333333332
6 0.5255208333333333 0.5588541666666667 0.16770833333333332 0.19270833333333334
1 0.49114583333333334 0.79375 0.165625 0.2520833333333333
