9 0.8510416666666667 0.5975 0.06875 0.03833333333333333
0 0.425 0.98375 0.14166666666666666 0.0325
0 0.7546875 0.9608333333333333 0.109375 0.065
0 0.5958333333333333 0.9520833333333333 0.09166666666666666 0.08416666666666667
5 0.646875 0.25958333333333333 0.15416666666666667 0.0725
27 0.7052083333333333 0.6029166666666667 0.18958333333333333 0.059166666666666666
1 0.35572916666666665 0.8204166666666667 0.25104166666666666 0.3591666666666667
1 0.6796875 0.7770833333333333 0.265625 0.36583333333333334
6 0.703125 0.4766666666666667 0.46041666666666664 0.255
6 0.34322916666666664 0.5195833333333333 0.315625 0.4025
