0 0.4736111111111111 0.9430555555555555 0.05462962962962963 0.08425925925925926
0 0.6314814814814815 0.9458333333333333 0.05740740740740741 0.08425925925925926
0 0.3560185185185185 0.9675925925925926 0.09537037037037037 0.05925925925925926
1 0.638425925925926 0.7962962962962963 0.10277777777777777 0.24259259259259258
1 0.4810185185185185 0.8092592592592592 0.1287037037037037 0.24074074074074073
1 0.17407407407407408 0.9018518518518519 0.1648148148148148 0.1962962962962963
1 0.3453703703703704 0.8277777777777777 0.1425925925925926 0.25
2 0.6486111111111111 0.6037037037037037 0.1527777777777778 0.2351851851851852
2 0.48564814814814816 0.6013888888888889 0.15648148148148147 0.2564814814814815
2 0.34953703703703703 0.6013888888888889 0.16944444444444445 0.3101851851851852
2 0.14212962962962963 0.6476851851851851 0.2712962962962963 0.475
