9 0.7837962962962963 0.7061728395061728 0.049074074074074076 0.037037037037037035
7 0.6439814814814815 0.4228395061728395 0.0712962962962963 0.040740740740740744
1 0.5222222222222223 0.8839506172839506 0.12407407407407407 0.23209876543209876
1 0.4115740740740741 0.8901234567901235 0.1361111111111111 0.21975308641975308
16 0.21898148148148147 0.9037037037037037 0.16944444444444445 0.1925925925925926
16 0.6865740740740741 0.8604938271604938 0.1712962962962963 0.24938271604938272
6 0.5282407407407408 0.6425925925925926 0.13425925925925927 0.3691358024691358
6 0.39861111111111114 0.6685185185185185 0.15833333333333333 0.3592592592592593
6 0.6722222222222223 0.6216049382716049 0.19444444444444445 0.32469135802469135
6 0.2388888888888889 0.6654320987654321 0.1925925925925926 0.33827160493827163
