7 0.31681681681681684 0.4807692307692308 0.06306306306306306 0.03125
0 0.3355855855855856 0.9338942307692307 0.06156156156156156 0.057692307692307696
0 0.6021021021021021 0.9435096153846154 0.06306306306306306 0.06971153846153846
0 0.27402402402402404 0.9128605769230769 0.07957957957957958 0.056490384615384616
0 0.6554054054054054 0.9489182692307693 0.07357357357357357 0.06370192307692307
10 0.6629129129129129 0.7421875 0.14564564564564564 0.09735576923076923
1 0.6531531531531531 0.8563701923076923 0.13813813813813813 0.17427884615384615
2 0.8265765765765766 0.6256009615384616 0.15165165165165165 0.171875
1 0.3160660660660661 0.8010817307692307 0.12762762762762764 0.21754807692307693
1 0.8070570570570571 0.796875 0.15765765765765766 0.18990384615384615
2 0.3205705705705706 0.6219951923076923 0.18768768768768768 0.203125
