7 0.5847328244274809 0.3170180722891566 0.05801526717557252 0.025602409638554216
7 0.7152671755725191 0.3365963855421687 0.06259541984732825 0.025602409638554216
0 0.1717557251908397 0.7567771084337349 0.06870229007633588 0.06475903614457831
0 0.2587786259541985 0.7183734939759037 0.06259541984732825 0.0783132530120482
0 0.7725190839694657 0.8704819277108434 0.07938931297709924 0.06927710843373494
0 0.6618320610687023 0.8546686746987951 0.09312977099236641 0.06475903614457831
0 0.43740458015267175 0.8682228915662651 0.08396946564885496 0.0858433734939759
0 0.0984732824427481 0.8478915662650602 0.1083969465648855 0.07530120481927711
6 0.5725190839694656 0.42846385542168675 0.17404580152671756 0.14909638554216867
6 0.3946564885496183 0.4503012048192771 0.17557251908396945 0.16566265060240964
17 0.1732824427480916 0.4683734939759036 0.15725190839694655 0.20180722891566266
2 0.16564885496183207 0.4427710843373494 0.16946564885496182 0.19879518072289157
6 0.7450381679389313 0.4766566265060241 0.15877862595419848 0.2213855421686747
1 0.7381679389312977 0.7018072289156626 0.17251908396946564 0.3192771084337349
1 0.5732824427480916 0.6521084337349398 0.17862595419847327 0.3855421686746988
