0 0.2953703703703704 0.8828703703703704 0.044444444444444446 0.05462962962962963
0 0.5416666666666666 0.8240740740740741 0.046296296296296294 0.05555555555555555
0 0.1412037037037037 0.8736111111111111 0.05648148148148148 0.06574074074074074
0 0.6393518518518518 0.862037037037037 0.08055555555555556 0.053703703703703705
1 0.5083333333333333 0.7046296296296296 0.08148148148148149 0.15555555555555556
1 0.674537037037037 0.7453703703703703 0.10462962962962963 0.19074074074074074
2 0.5041666666666667 0.5787037037037037 0.1675925925925926 0.14814814814814814
2 0.7097222222222223 0.586574074074074 0.14166666666666666 0.17685185185185184
6 0.18564814814814815 0.5555555555555556 0.18425925925925926 0.1388888888888889
2 0.9111111111111111 0.5814814814814815 0.15185185185185185 0.17777777777777778
1 0.9143518518518519 0.7462962962962963 0.14907407407407408 0.2037037037037037
1 0.1865740740740741 0.7342592592592593 0.15092592592592594 0.2611111111111111
