0 0.6504629629629629 0.8555555555555555 0.05462962962962963 0.05740740740740741
0 0.5435185185185185 0.9546296296296296 0.05 0.06666666666666667
0 0.7893518518518519 0.8634259259259259 0.06574074074074074 0.06018518518518518
0 0.42314814814814816 0.9486111111111111 0.05925925925925926 0.0787037037037037
6 0.6476851851851851 0.512962962962963 0.16018518518518518 0.15555555555555556
1 0.7912037037037037 0.7361111111111112 0.10833333333333334 0.24259259259259258
6 0.7800925925925926 0.5287037037037037 0.14537037037037037 0.1814814814814815
6 0.9148148148148149 0.5532407407407407 0.13148148148148148 0.20277777777777778
1 0.6555555555555556 0.7185185185185186 0.12407407407407407 0.2851851851851852
2 0.45555555555555555 0.5532407407407407 0.17777777777777778 0.22870370370370371
