0 0.4412037037037037 0.8773165307635286 0.06574074074074074 0.0748702742772424
0 0.524074074074074 0.8928836174944403 0.07222222222222222 0.07190511489992588
0 0.24953703703703703 0.8491475166790216 0.062037037037037036 0.083765752409192
0 0.6296296296296297 0.905114899925871 0.07037037037037037 0.0770941438102298
0 0.37175925925925923 0.863232023721275 0.0824074074074074 0.07635285396590066
5 0.35185185185185186 0.3680504077094144 0.0962962962962963 0.06597479614529281
8 0.712037037037037 0.9080800593031876 0.08518518518518518 0.12008895478131949
8 0.07268518518518519 0.8817642698295033 0.11018518518518519 0.10155670867309118
10 0.32314814814814813 0.6545589325426242 0.14629629629629629 0.08598962194217939
8 0.8768518518518519 0.9306893995552261 0.09444444444444444 0.13862120088954782
21 0.39675925925925926 0.7275759822090437 0.15833333333333333 0.14899925871015568
1 0.5703703703703704 0.7420311341734618 0.16666666666666666 0.26241660489251295
6 0.5699074074074074 0.5285396590066717 0.2064814814814815 0.21645663454410674
6 0.3939814814814815 0.5555967383246849 0.1935185185185185 0.27057079318013344
2 0.7810185185185186 0.49925871015567086 0.22685185185185186 0.26612305411415865
2 0.21296296296296297 0.5055596738324685 0.22592592592592592 0.28317272053372866
1 0.8041666666666667 0.7327650111193477 0.2064814814814815 0.3402520385470719
