11 0.5291666666666667 0.31668077900084673 0.08425925925925926 0.08128704487722269
0 0.3138888888888889 0.8903471634208298 0.08703703703703704 0.10414902624894158
10 0.16342592592592592 0.5872142252328535 0.07685185185185185 0.12108382726502964
8 0.5675925925925925 0.8657917019475021 0.07407407407407407 0.13124470787468248
8 0.475 0.9106689246401355 0.07592592592592592 0.14648602878916173
8 0.7462962962962963 0.8806096528365792 0.1388888888888889 0.15749364944961897
10 0.8699074074074075 0.8145639288738358 0.1935185185185185 0.1947502116850127
6 0.3 0.3712955122777307 0.21666666666666667 0.21422523285351397
17 0.6787037037037037 0.4758679085520745 0.1814814814814815 0.3573243014394581
17 0.4935185185185185 0.4775613886536833 0.23703703703703705 0.392887383573243
17 0.2902777777777778 0.4724809483488569 0.2601851851851852 0.3793395427603726
