7 0.2125 0.5171296296296296 0.058333333333333334 0.025
0 0.7097222222222223 0.9013888888888889 0.03981481481481482 0.058333333333333334
0 0.9782407407407407 0.9476851851851852 0.04351851851851852 0.06018518518518518
0 0.5254629629629629 0.9365740740740741 0.04351851851851852 0.06944444444444445
0 0.7819444444444444 0.8898148148148148 0.05092592592592592 0.07037037037037037
0 0.8740740740740741 0.9138888888888889 0.07407407407407407 0.06851851851851852
0 0.43287037037037035 0.9037037037037037 0.05277777777777778 0.0962962962962963
0 0.19444444444444445 0.9625 0.09259259259259259 0.05648148148148148
17 0.6388888888888888 0.6759259259259259 0.11481481481481481 0.24074074074074073
17 0.44212962962962965 0.6736111111111112 0.11018518518518519 0.28055555555555556
1 0.9115740740740741 0.7916666666666666 0.13055555555555556 0.25
17 0.06111111111111111 0.6712962962962963 0.11666666666666667 0.2833333333333333
